2.000000000000000000e+01 8.478574946670030954e+01 9.468000000000000000e+03 1.464040369987487793e+02
2.100000000000000000e+01 8.394576244169481072e+01 9.124000000000000000e+03 1.505682389736175537e+02
2.200000000000000000e+01 8.315111935649713359e+01 8.806000000000000000e+03 1.331480689048767090e+02
2.300000000000000000e+01 8.239764300690606547e+01 8.512000000000000000e+03 1.249749429225921631e+02
2.400000000000000000e+01 8.168157358098129350e+01 8.239000000000000000e+03 1.346136739253997803e+02
2.500000000000000000e+01 8.099979830958895377e+01 7.986000000000000000e+03 1.345889270305633545e+02
2.600000000000000000e+01 8.034924027590317053e+01 7.749000000000000000e+03 1.285263810157775879e+02
2.700000000000000000e+01 7.972745260625917751e+01 7.527000000000000000e+03 1.180656809806823730e+02
2.800000000000000000e+01 7.913236909867946167e+01 7.320000000000000000e+03 1.129270837306976318e+02
2.900000000000000000e+01 7.856180447335852080e+01 7.125000000000000000e+03 1.057999410629272461e+02
3.000000000000000000e+01 7.801399038792132501e+01 6.941000000000000000e+03 1.022642340660095215e+02
