1.000000000000000000e+02 8.478574946670030954e+01 9.468000000000000000e+03 1.387715888023376465e+02
1.050000000000000000e+02 8.476927353914145158e+01 9.393000000000000000e+03 1.470787429809570312e+02
1.100000000000000000e+02 8.475617808943378861e+01 9.322000000000000000e+03 1.384552469253540039e+02
1.150000000000000000e+02 8.474549207003370555e+01 9.256000000000000000e+03 1.465819752216339111e+02
1.200000000000000000e+02 8.473640045911534457e+01 9.194000000000000000e+03 1.489785649776458740e+02
1.250000000000000000e+02 8.472821281333096977e+01 9.134000000000000000e+03 1.578643679618835449e+02
1.300000000000000000e+02 8.472073605366654192e+01 9.077000000000000000e+03 1.662271590232849121e+02
1.350000000000000000e+02 8.471366208224029037e+01 9.022000000000000000e+03 1.724691579341888428e+02
1.400000000000000000e+02 8.470699358940744617e+01 8.970000000000000000e+03 1.657796542644500732e+02
1.450000000000000000e+02 8.470028788738024161e+01 8.918000000000000000e+03 1.748259670734405518e+02
