1.000000000000000000e+02 8.478574946670030954e+01 9.468000000000000000e+03 1.628349359035491943e+02
1.050000000000000000e+02 8.477890349751064036e+01 9.402000000000000000e+03 1.598944308757781982e+02
1.100000000000000000e+02 8.477222431079692910e+01 9.339000000000000000e+03 1.597451610565185547e+02
1.150000000000000000e+02 8.476546546623067968e+01 9.277000000000000000e+03 1.692822761535644531e+02
1.200000000000000000e+02 8.475862980082008846e+01 9.216000000000000000e+03 1.608162240982055664e+02
1.250000000000000000e+02 8.475193250131165712e+01 9.158000000000000000e+03 1.715257499217987061e+02
1.300000000000000000e+02 8.474516908947602190e+01 9.101000000000000000e+03 1.806773881912231445e+02
1.350000000000000000e+02 8.473832727921482899e+01 9.045000000000000000e+03 1.861652312278747559e+02
1.400000000000000000e+02 8.473155363715402189e+01 8.991000000000000000e+03 1.913523628711700439e+02
1.450000000000000000e+02 8.472471727132351305e+01 8.938000000000000000e+03 1.956371409893035889e+02
