b, c, f_h, n_fins
5, 2, 30, 5

1E-6
[[1, 107.41516355712585, 23684], [2, 187.75198035391372, 95037], [3, 211.69959921701295, 176819], [4, 215.84457470332126, 255705], [5, 210.47620122505248, 325196], [6, 200.07676308606156, 382414], [7, 187.14399876777225, 426514]]

1E-12
[[1, 107.93553551073754, 90572], [2, 193.1708187764556, 492955], [3, 226.97172170955184, 1168441]]

b, c, f_h, n_fins
5, 2, 30, 5

1E-12
[[1, 98.80733947284575, 54066], [2, 172.6026232402056, 487723], [3, 201.39943766950535, 1142809]]
