5.000000000000000000e+00 1.410567551735810866e+03 2.367000000000000000e+04 1.316349697113037109e+01
6.000000000000000000e+00 1.389206367471789690e+03 2.463400000000000000e+04 1.871608114242553711e+01
7.000000000000000000e+00 1.370163378589796366e+03 2.557000000000000000e+04 1.912536334991455078e+01
8.000000000000000000e+00 1.351775543732002916e+03 2.647100000000000000e+04 2.268991112709045410e+01
9.000000000000000000e+00 1.333826573573596988e+03 2.733400000000000000e+04 2.179860520362854004e+01
1.000000000000000000e+01 1.316819693472121116e+03 2.816400000000000000e+04 2.241855788230895996e+01
1.100000000000000000e+01 1.301123769959984884e+03 2.897100000000000000e+04 2.586755895614624023e+01
1.200000000000000000e+01 1.286586938367536959e+03 2.975800000000000000e+04 2.326716017723083496e+01
1.300000000000000000e+01 1.272914326848713472e+03 3.052500000000000000e+04 2.399487018585205078e+01
1.400000000000000000e+01 1.259895935682380923e+03 3.127200000000000000e+04 2.600845503807067871e+01
1.500000000000000000e+01 1.247410440104818235e+03 3.199700000000000000e+04 2.371615386009216309e+01
1.600000000000000000e+01 1.235398512778877148e+03 3.270300000000000000e+04 2.551026201248168945e+01
1.700000000000000000e+01 1.223819039439249764e+03 3.338900000000000000e+04 2.685828685760498047e+01
1.800000000000000000e+01 1.212645940285268807e+03 3.405600000000000000e+04 2.751378202438354492e+01
1.900000000000000000e+01 1.201858506038468931e+03 3.470500000000000000e+04 2.856077480316162109e+01
2.000000000000000000e+01 1.191438833247374305e+03 3.533700000000000000e+04 2.865226602554321289e+01
2.100000000000000000e+01 1.181370739839996304e+03 3.595300000000000000e+04 2.925707292556762695e+01
2.200000000000000000e+01 1.171637700861257599e+03 3.655300000000000000e+04 3.302013230323791504e+01
2.300000000000000000e+01 1.162225850048697566e+03 3.713800000000000000e+04 3.195413184165954590e+01
2.400000000000000000e+01 1.153122194424836607e+03 3.770900000000000000e+04 3.269664382934570312e+01
2.500000000000000000e+01 1.144314527282432891e+03 3.826700000000000000e+04 3.628577113151550293e+01
2.600000000000000000e+01 1.135788355042138619e+03 3.881100000000000000e+04 3.958912897109985352e+01
2.700000000000000000e+01 1.127534452015984698e+03 3.934300000000000000e+04 3.890773200988769531e+01
2.800000000000000000e+01 1.119541195390273742e+03 3.986300000000000000e+04 3.932584691047668457e+01
2.900000000000000000e+01 1.111797601273649434e+03 4.037100000000000000e+04 3.922666025161743164e+01
3.000000000000000000e+01 1.104294711796434513e+03 4.086800000000000000e+04 4.025647521018981934e+01
3.100000000000000000e+01 1.097024056432326006e+03 4.135500000000000000e+04 3.923618412017822266e+01
3.200000000000000000e+01 1.089974820491087712e+03 4.183100000000000000e+04 3.956352996826171875e+01
3.300000000000000000e+01 1.083140890360602498e+03 4.229800000000000000e+04 4.261068797111511230e+01
3.400000000000000000e+01 1.076512377700859361e+03 4.275500000000000000e+04 4.186386418342590332e+01
3.500000000000000000e+01 1.070082589645195867e+03 4.320300000000000000e+04 4.303978395462036133e+01
3.600000000000000000e+01 1.063843835190608161e+03 4.364200000000000000e+04 4.322865295410156250e+01
3.700000000000000000e+01 1.057788799496064485e+03 4.407200000000000000e+04 4.345178699493408203e+01
3.800000000000000000e+01 1.051911833146722756e+03 4.449400000000000000e+04 4.485532093048095703e+01
3.900000000000000000e+01 1.046207565622247103e+03 4.490900000000000000e+04 4.667146897315979004e+01
4.000000000000000000e+01 1.040667029227984358e+03 4.531500000000000000e+04 4.917938590049743652e+01
