5.000000000000000000e+00 1.410567551735810866e+03 2.367000000000000000e+04 1.211368322372436523e+01
1.000000000000000000e+01 8.474736106393401087e+02 2.556600000000000000e+04 2.223352003097534180e+01
1.500000000000000000e+01 6.511395404877928286e+02 2.710800000000000000e+04 3.204885482788085938e+01
2.000000000000000000e+01 5.541220401673728020e+02 2.836800000000000000e+04 4.239208006858825684e+01
2.500000000000000000e+01 4.990492240660173593e+02 2.941300000000000000e+04 5.370519518852233887e+01
3.000000000000000000e+01 4.648053034838703184e+02 3.031700000000000000e+04 6.775296115875244141e+01
3.500000000000000000e+01 4.429639521029096727e+02 3.109400000000000000e+04 7.284791684150695801e+01
4.000000000000000000e+01 4.280773486424798762e+02 3.178500000000000000e+04 9.435566186904907227e+01
4.500000000000000000e+01 4.182319012881040976e+02 3.238500000000000000e+04 1.045921850204467773e+02
5.000000000000000000e+01 4.110819813101185787e+02 3.292300000000000000e+04 1.011351020336151123e+02
5.500000000000000000e+01 4.063759757660819218e+02 3.338600000000000000e+04 1.197750141620635986e+02
6.000000000000000000e+01 4.027107991236761677e+02 3.379700000000000000e+04 1.390739059448242188e+02
