3.000000000000000000e+01 1.410567551735810866e+03 2.367000000000000000e+04 1.247582483291625977e+01
3.500000000000000000e+01 1.303872150293384038e+03 2.304200000000000000e+04 1.614870691299438477e+01
4.000000000000000000e+01 1.220858279372655261e+03 2.257600000000000000e+04 1.759626078605651855e+01
4.500000000000000000e+01 1.154883004236934994e+03 2.222300000000000000e+04 1.664451718330383301e+01
5.000000000000000000e+01 1.101576070687542597e+03 2.195400000000000000e+04 1.381013107299804688e+01
5.500000000000000000e+01 1.057928251484528346e+03 2.174600000000000000e+04 1.732319593429565430e+01
6.000000000000000000e+01 1.021804955527883180e+03 2.158600000000000000e+04 1.674599099159240723e+01
6.500000000000000000e+01 9.916417531603450470e+02 2.146300000000000000e+04 1.612940216064453125e+01
7.000000000000000000e+01 9.662655939059055754e+02 2.136800000000000000e+04 1.547042918205261230e+01
7.500000000000000000e+01 9.447828669838363567e+02 2.129600000000000000e+04 1.920962691307067871e+01
8.000000000000000000e+01 9.264972282689268468e+02 2.124200000000000000e+04 1.444287610054016113e+01
8.500000000000000000e+01 9.108607616605999056e+02 2.120300000000000000e+04 1.525780820846557617e+01
9.000000000000000000e+01 8.974349292691038045e+02 2.117600000000000000e+04 1.603693485260009766e+01
9.500000000000000000e+01 8.858648499416506183e+02 2.115800000000000000e+04 1.697499799728393555e+01
1.000000000000000000e+02 8.758631111141912697e+02 2.114800000000000000e+04 1.647521090507507324e+01
1.050000000000000000e+02 8.671918700219041511e+02 2.114400000000000000e+04 1.658036780357360840e+01
1.100000000000000000e+02 8.596562334570570556e+02 2.114600000000000000e+04 1.765321493148803711e+01
1.150000000000000000e+02 8.530912309876454174e+02 2.115200000000000000e+04 1.779847764968872070e+01
1.200000000000000000e+02 8.473594413346771717e+02 2.116100000000000000e+04 1.713979291915893555e+01
1.250000000000000000e+02 8.423472484498419135e+02 2.117400000000000000e+04 1.860969924926757812e+01
1.300000000000000000e+02 8.379539256029029275e+02 2.118800000000000000e+04 2.230393600463867188e+01
1.350000000000000000e+02 8.340980658273499557e+02 2.120400000000000000e+04 1.914330983161926270e+01
1.400000000000000000e+02 8.307091888083613185e+02 2.122200000000000000e+04 1.939823198318481445e+01
1.450000000000000000e+02 8.277258437995595841e+02 2.124100000000000000e+04 1.839931535720825195e+01
1.500000000000000000e+02 8.250951620500979971e+02 2.126000000000000000e+04 1.838110899925231934e+01
1.550000000000000000e+02 8.227736996673604608e+02 2.128000000000000000e+04 1.893887329101562500e+01
1.600000000000000000e+02 8.207219113187790072e+02 2.130000000000000000e+04 1.884712696075439453e+01
1.650000000000000000e+02 8.189076173932420488e+02 2.132100000000000000e+04 1.915825295448303223e+01
1.700000000000000000e+02 8.172998573758757175e+02 2.134100000000000000e+04 1.987524104118347168e+01
1.750000000000000000e+02 8.158746745313435440e+02 2.136100000000000000e+04 2.102046108245849609e+01
1.800000000000000000e+02 8.146102836831453260e+02 2.138100000000000000e+04 1.992090916633605957e+01
1.850000000000000000e+02 8.134866682413464787e+02 2.140000000000000000e+04 2.309835600852966309e+01
1.900000000000000000e+02 8.124872704951458218e+02 2.141800000000000000e+04 2.187760186195373535e+01
1.950000000000000000e+02 8.115986153400127705e+02 2.143600000000000000e+04 2.268872594833374023e+01
2.000000000000000000e+02 8.108069948087251078e+02 2.145300000000000000e+04 2.144050312042236328e+01
