1.000000000000000000e+00 1.410567551735810866e+03 2.367000000000000000e+04 1.198271608352661133e+01
2.000000000000000000e+00 1.449888252508816777e+03 3.898400000000000000e+04 2.134065222740173340e+01
3.000000000000000000e+00 1.433910956516885790e+03 5.197100000000000000e+04 2.862030005455017090e+01
4.000000000000000000e+00 1.409744427043083533e+03 6.353800000000000000e+04 3.473207902908325195e+01
5.000000000000000000e+00 1.384991986728610982e+03 7.402300000000000000e+04 4.137930417060852051e+01
6.000000000000000000e+00 1.360518520231331649e+03 8.363700000000000000e+04 4.768620705604553223e+01
7.000000000000000000e+00 1.336373183178119916e+03 9.252500000000000000e+04 5.349397706985473633e+01
8.000000000000000000e+00 1.312758774242295885e+03 1.007940000000000000e+05 5.906974482536315918e+01
9.000000000000000000e+00 1.289860156827589208e+03 1.085240000000000000e+05 6.616464090347290039e+01
1.000000000000000000e+01 1.267789085887526880e+03 1.157780000000000000e+05 7.163440108299255371e+01
1.100000000000000000e+01 1.246596515010771100e+03 1.226080000000000000e+05 7.669481682777404785e+01
1.200000000000000000e+01 1.226288816945181907e+03 1.290570000000000000e+05 8.398030400276184082e+01
1.300000000000000000e+01 1.206842682129806917e+03 1.351610000000000000e+05 9.181074690818786621e+01
1.400000000000000000e+01 1.188220576455061519e+03 1.409520000000000000e+05 9.587501978874206543e+01
1.500000000000000000e+01 1.170382605695029724e+03 1.464590000000000000e+05 1.048761000633239746e+02
1.600000000000000000e+01 1.153290558516258670e+03 1.517030000000000000e+05 1.162797839641571045e+02
1.700000000000000000e+01 1.136928321750054238e+03 1.567060000000000000e+05 1.139863140583038330e+02
1.800000000000000000e+01 1.121298229827472824e+03 1.614840000000000000e+05 1.328933038711547852e+02
1.900000000000000000e+01 1.106421177813104578e+03 1.660520000000000000e+05 1.466020488739013672e+02
2.000000000000000000e+01 1.092311435456064146e+03 1.704210000000000000e+05 1.366799938678741455e+02
2.100000000000000000e+01 1.078954739001447251e+03 1.746050000000000000e+05 1.403913028240203857e+02
2.200000000000000000e+01 1.066286288050105441e+03 1.786150000000000000e+05 1.616146428585052490e+02
2.300000000000000000e+01 1.054204224931065710e+03 1.824640000000000000e+05 1.541940050125122070e+02
2.400000000000000000e+01 1.042596430697962433e+03 1.861650000000000000e+05 1.637654089927673340e+02
2.500000000000000000e+01 1.031364205599642901e+03 1.897290000000000000e+05 1.618021521568298340e+02
2.600000000000000000e+01 1.020436749210061180e+03 1.931680000000000000e+05 1.739050559997558594e+02
2.700000000000000000e+01 1.009765576779271555e+03 1.964900000000000000e+05 1.734124290943145752e+02
2.800000000000000000e+01 9.993229220570308371e+02 1.997030000000000000e+05 1.785466609001159668e+02
2.900000000000000000e+01 9.890930645999671924e+02 2.028130000000000000e+05 1.808186798095703125e+02
3.000000000000000000e+01 9.790698487166616815e+02 2.058270000000000000e+05 1.914239511489868164e+02
