3.000000000000000000e+01 3.114480310207414391e+02 2.467700000000000000e+04 5.927894806861877441e+01
3.500000000000000000e+01 2.881817203976989958e+02 2.463700000000000000e+04 8.132449316978454590e+01
4.000000000000000000e+01 2.701918213107968540e+02 2.466300000000000000e+04 9.645372080802917480e+01
4.500000000000000000e+01 2.558912233931993967e+02 2.473000000000000000e+04 9.034881591796875000e+01
5.000000000000000000e+01 2.442781297507717113e+02 2.482100000000000000e+04 9.441953897476196289e+01
5.500000000000000000e+01 2.346881096827612794e+02 2.492800000000000000e+04 1.010790119171142578e+02
6.000000000000000000e+01 2.266605215088578404e+02 2.504400000000000000e+04 9.059080195426940918e+01
6.500000000000000000e+01 2.198660900903707613e+02 2.516600000000000000e+04 8.930997180938720703e+01
7.000000000000000000e+01 2.140622792081305477e+02 2.529200000000000000e+04 9.212818503379821777e+01
7.500000000000000000e+01 2.090654300728028261e+02 2.541800000000000000e+04 1.108636863231658936e+02
8.000000000000000000e+01 2.047350817293283569e+02 2.554400000000000000e+04 1.123260827064514160e+02
8.500000000000000000e+01 2.009611753833321188e+02 2.567000000000000000e+04 1.088474369049072266e+02
9.000000000000000000e+01 1.976554124163816937e+02 2.579300000000000000e+04 1.175410480499267578e+02
9.500000000000000000e+01 1.947477728652495728e+02 2.591500000000000000e+04 1.271410748958587646e+02
1.000000000000000000e+02 1.921804844824291365e+02 2.603500000000000000e+04 1.169319097995758057e+02
1.050000000000000000e+02 1.899059295477852061e+02 2.615200000000000000e+04 1.025220332145690918e+02
1.100000000000000000e+02 1.878847211778480357e+02 2.626600000000000000e+04 9.552058696746826172e+01
1.150000000000000000e+02 1.860840587380637601e+02 2.637800000000000000e+04 9.754282331466674805e+01
1.200000000000000000e+02 1.844758318281855622e+02 2.648700000000000000e+04 1.001238319873809814e+02
1.250000000000000000e+02 1.830365499722311142e+02 2.659400000000000000e+04 1.043062362670898438e+02
1.300000000000000000e+02 1.817455298669701165e+02 2.669700000000000000e+04 1.084351580142974854e+02
1.350000000000000000e+02 1.805859674768668413e+02 2.679900000000000000e+04 1.108816869258880615e+02
1.400000000000000000e+02 1.795424055290829415e+02 2.689800000000000000e+04 1.125625326633453369e+02
1.450000000000000000e+02 1.786017971269222642e+02 2.699400000000000000e+04 1.156461272239685059e+02
1.500000000000000000e+02 1.777529689565863009e+02 2.708800000000000000e+04 1.202747280597686768e+02
1.550000000000000000e+02 1.769859806809790257e+02 2.718000000000000000e+04 1.251412668228149414e+02
1.600000000000000000e+02 1.762919332498663039e+02 2.726900000000000000e+04 1.431874749660491943e+02
1.650000000000000000e+02 1.756633484314910731e+02 2.735600000000000000e+04 1.318331642150878906e+02
1.700000000000000000e+02 1.750934642093558864e+02 2.744100000000000000e+04 1.446314899921417236e+02
1.750000000000000000e+02 1.745763016194578086e+02 2.752400000000000000e+04 1.360226531028747559e+02
1.800000000000000000e+02 1.741063904803781384e+02 2.760400000000000000e+04 1.493590669631958008e+02
1.850000000000000000e+02 1.736793693032429076e+02 2.768300000000000000e+04 1.429761359691619873e+02
1.900000000000000000e+02 1.732907093594188552e+02 2.775900000000000000e+04 1.653886120319366455e+02
1.950000000000000000e+02 1.729368468620953365e+02 2.783300000000000000e+04 1.510991160869598389e+02
2.000000000000000000e+02 1.726142840420045275e+02 2.790500000000000000e+04 1.529552178382873535e+02
