1.000000000000000000e+00 1.210353924627737342e+03 2.295830000000000000e+05 1.550593724250793457e+02
2.000000000000000000e+00 1.144135442028313946e+03 3.334520000000000000e+05 2.471941919326782227e+02
3.000000000000000000e+00 1.057769090786304105e+03 4.074320000000000000e+05 3.220385880470275879e+02
4.000000000000000000e+00 9.801852413670575288e+02 4.642020000000000000e+05 3.868126757144927979e+02
5.000000000000000000e+00 9.132120842423311160e+02 5.093090000000000000e+05 4.456195218563079834e+02
6.000000000000000000e+00 8.549767221012961045e+02 5.460180000000000000e+05 4.963532781600952148e+02
7.000000000000000000e+00 8.037928941951730621e+02 5.764370000000000000e+05 5.481950654983520508e+02
8.000000000000000000e+00 7.585295340243982309e+02 6.019970000000000000e+05 5.926720538139343262e+02
9.000000000000000000e+00 7.183298190522129971e+02 6.237150000000000000e+05 9.137243974208831787e+02
1.000000000000000000e+01 6.824871118629245075e+02 6.423360000000000000e+05 9.660027093887329102e+02
1.100000000000000000e+01 6.504073394097657683e+02 6.584240000000000000e+05 1.027373065233230591e+03
1.200000000000000000e+01 6.215833614283285442e+02 6.724110000000000000e+05 1.078326040506362915e+03
1.300000000000000000e+01 5.955845556780225252e+02 6.846390000000000000e+05 1.136838935613632202e+03
1.400000000000000000e+01 5.720406317580052473e+02 6.953750000000000000e+05 1.201383734941482544e+03
1.500000000000000000e+01 5.506400532138479775e+02 7.048370000000000000e+05 1.257295545816421509e+03
1.600000000000000000e+01 5.311218780934904089e+02 7.132020000000000000e+05 1.319135376453399658e+03
1.700000000000000000e+01 5.132716621243952204e+02 7.206150000000000000e+05 1.375094871759414673e+03
1.800000000000000000e+01 4.969176608936382422e+02 7.271980000000000000e+05 1.424952547550201416e+03
1.900000000000000000e+01 4.819207431589325665e+02 7.330530000000000000e+05 1.486418555498123169e+03
2.000000000000000000e+01 4.681605348027187574e+02 7.382680000000000000e+05 1.567369063615798950e+03
2.100000000000000000e+01 4.555177519026431696e+02 7.429180000000000000e+05 8.437938191890716553e+02
2.200000000000000000e+01 4.438660757599676003e+02 7.470670000000000000e+05 8.567802197933197021e+02
2.300000000000000000e+01 4.330750817174615008e+02 7.507690000000000000e+05 8.710484023094177246e+02
2.400000000000000000e+01 4.230221661803538495e+02 7.540680000000000000e+05 8.858584599494934082e+02
2.500000000000000000e+01 4.136035525583339449e+02 7.570020000000000000e+05 9.021461591720581055e+02
2.600000000000000000e+01 4.047365745370115064e+02 7.596030000000000000e+05 9.090899417400360107e+02
2.700000000000000000e+01 3.963569677213120599e+02 7.618970000000000000e+05 9.173724875450134277e+02
2.800000000000000000e+01 3.884167782850918229e+02 7.639110000000000000e+05 9.356261811256408691e+02
2.900000000000000000e+01 3.808763555320982732e+02 7.656630000000000000e+05 9.455771038532257080e+02
3.000000000000000000e+01 3.737051447691696353e+02 7.671740000000000000e+05 9.594211254119873047e+02