5.000000000000000000e+00 1.210353924627737342e+03 2.295830000000000000e+05 1.517280402183532715e+02
1.000000000000000000e+01 7.161129551822748454e+02 2.397600000000000000e+05 2.687920660972595215e+02
1.500000000000000000e+01 5.464787216598278974e+02 2.479480000000000000e+05 5.916940569877624512e+02
2.000000000000000000e+01 4.643330328931542113e+02 2.540380000000000000e+05 7.853256456851959229e+02
2.500000000000000000e+01 4.188593419789354471e+02 2.582730000000000000e+05 9.778695945739746094e+02
3.000000000000000000e+01 3.913272871494150991e+02 2.608680000000000000e+05 1.168850134849548340e+03
3.500000000000000000e+01 3.743413457046222561e+02 2.617410000000000000e+05 1.356042018651962280e+03
4.000000000000000000e+01 3.630659470776960802e+02 2.609200000000000000e+05 1.524182614564895630e+03
4.500000000000000000e+01 3.558650701026647880e+02 2.584750000000000000e+05 1.701512912988662720e+03
5.000000000000000000e+01 3.506587251839774808e+02 2.548180000000000000e+05 1.858025351762771606e+03
5.500000000000000000e+01 3.473258091275466199e+02 2.505540000000000000e+05 1.992797658681869507e+03
6.000000000000000000e+01 3.446729206471850944e+02 2.463690000000000000e+05 2.113570836305618286e+03
