3.000000000000000000e+01 1.210353924627737342e+03 2.295830000000000000e+05 1.513481838703155518e+02
3.500000000000000000e+01 1.122258760025720449e+03 2.243110000000000000e+05 1.559504399299621582e+02
4.000000000000000000e+01 1.053552311253422886e+03 2.203680000000000000e+05 1.664001877307891846e+02
4.500000000000000000e+01 9.989179260662359638e+02 2.173740000000000000e+05 1.719771895408630371e+02
5.000000000000000000e+01 9.548078933444695622e+02 2.150730000000000000e+05 1.768711373805999756e+02
5.500000000000000000e+01 9.187643790779371784e+02 2.132900000000000000e+05 1.836333971023559570e+02
6.000000000000000000e+01 8.890226550899411677e+02 2.118980000000000000e+05 1.885755987167358398e+02
6.500000000000000000e+01 8.642835990239493640e+02 2.108040000000000000e+05 1.960745818614959717e+02
7.000000000000000000e+01 8.435673142307684884e+02 2.099370000000000000e+05 2.023856127262115479e+02
7.500000000000000000e+01 8.261247118632774118e+02 2.092450000000000000e+05 2.078680675029754639e+02
8.000000000000000000e+01 8.113694046590866265e+02 2.086860000000000000e+05 2.140458221435546875e+02
8.500000000000000000e+01 7.988365727034112069e+02 2.082260000000000000e+05 2.214185166358947754e+02
9.000000000000000000e+01 7.881542872696915083e+02 2.078380000000000000e+05 3.221500308513641357e+02
9.500000000000000000e+01 7.790234970822672267e+02 2.075020000000000000e+05 3.356843986511230469e+02
1.000000000000000000e+02 7.711966252281446259e+02 2.071990000000000000e+05 3.450899739265441895e+02
1.050000000000000000e+02 7.644712534893284328e+02 2.069150000000000000e+05 3.508291041851043701e+02
1.100000000000000000e+02 7.586806171775144776e+02 2.066400000000000000e+05 3.572790162563323975e+02
1.150000000000000000e+02 7.536830769878641831e+02 2.063640000000000000e+05 3.698485260009765625e+02
1.200000000000000000e+02 7.493615144192330035e+02 2.060810000000000000e+05 3.809295060634613037e+02
1.250000000000000000e+02 7.456154048367189944e+02 2.057850000000000000e+05 3.907993524074554443e+02
1.300000000000000000e+02 7.423619205591581931e+02 2.054740000000000000e+05 4.035058751106262207e+02
1.350000000000000000e+02 7.395295494011585333e+02 2.051460000000000000e+05 4.142956225872039795e+02
1.400000000000000000e+02 7.370572870205447771e+02 2.048000000000000000e+05 4.226878979206085205e+02
