1.000000000000000000e+00 6.589334705596447748e+02 1.981310000000000000e+05 1.853892087936401367e+02
2.000000000000000000e+00 6.565008066126762287e+02 2.107570000000000000e+05 2.023460526466369629e+02
3.000000000000000000e+00 6.476801573846769315e+02 2.224110000000000000e+05 2.179506382942199707e+02
4.000000000000000000e+00 6.389944080159286841e+02 2.332260000000000000e+05 2.353545467853546143e+02
5.000000000000000000e+00 6.310330260094266350e+02 2.433320000000000000e+05 3.690197675228118896e+02
6.000000000000000000e+00 6.239819932808213707e+02 2.527440000000000000e+05 3.929411940574645996e+02
7.000000000000000000e+00 6.179231934388964191e+02 2.615500000000000000e+05 4.096293332576751709e+02
8.000000000000000000e+00 6.125663872262608720e+02 2.698400000000000000e+05 4.317310214042663574e+02
9.000000000000000000e+00 6.077731109093380155e+02 2.776470000000000000e+05 4.439114758968353271e+02
1.000000000000000000e+01 6.034893188140680422e+02 2.849950000000000000e+05 4.482779407501220703e+02
1.100000000000000000e+01 5.996706969397722560e+02 2.919110000000000000e+05 4.650362477302551270e+02
1.200000000000000000e+01 5.962766350159092781e+02 2.984240000000000000e+05 4.853770406246185303e+02
1.300000000000000000e+01 5.932685283651128429e+02 3.045590000000000000e+05 4.996492619514465332e+02
1.400000000000000000e+01 5.906135826171341705e+02 3.103390000000000000e+05 5.147684800624847412e+02
1.500000000000000000e+01 5.882851001195847402e+02 3.157830000000000000e+05 5.316286189556121826e+02
1.600000000000000000e+01 5.862650868879521795e+02 3.209080000000000000e+05 5.490471198558807373e+02
1.700000000000000000e+01 5.845404058777022556e+02 3.257250000000000000e+05 5.644433405399322510e+02
1.800000000000000000e+01 5.831049853921040267e+02 3.302490000000000000e+05 5.814425642490386963e+02
1.900000000000000000e+01 5.819471838706967901e+02 3.344920000000000000e+05 6.110091047286987305e+02
2.000000000000000000e+01 5.810459430466215736e+02 3.384670000000000000e+05 6.245751154422760010e+02
2.100000000000000000e+01 5.803684073831966543e+02 3.421880000000000000e+05 6.423914127349853516e+02
2.200000000000000000e+01 5.798776835505049121e+02 3.456670000000000000e+05 6.577590589523315430e+02
2.300000000000000000e+01 5.795414933861696909e+02 3.489110000000000000e+05 6.620486769676208496e+02
2.400000000000000000e+01 5.793369752957495393e+02 3.519260000000000000e+05 6.715309669971466064e+02
2.500000000000000000e+01 5.792470375202984769e+02 3.547150000000000000e+05 6.893466615676879883e+02
